100.061849 61849
200.059477 59477
300.080314 80314
400.031790 31790
500.061225 61225
600.032559 32559
700.060300 60300
800.060819 60819
900.060546 60546
1000.080711 80711
1100.015106 15106
1200.063023 63023
1300.061137 61137
1400.064811 64811
1500.061311 61311
1600.006276 6276
1700.060322 60322
1800.067032 67032
1900.061710 61710
2000.060287 60287
2100.007741 7741
2200.073262 73262
2300.085475 85475
2400.065203 65203
2500.064197 64197
2600.071407 71407
2700.059121 59121
2800.063192 63192
2900.059221 59221
3000.033642 33642
3100.063401 63401
3200.061207 61207
3300.070124 70124
3400.064621 64621
3500.062368 62368
3600.059970 59970
3700.060361 60361
3800.061013 61013
3900.030786 30786
4000.060355 60355
4100.070679 70679
4200.063817 63817
4300.021239 21239
4400.062463 62463
4500.087962 87962
4600.061215 61215
4700.034450 34450
4800.061061 61061
4900.061946 61946
5000.060859 60859
5100.037589 37589
5200.061978 61978
5300.060907 60907
5400.040071 40071
5500.087166 87166
5600.083886 83886
5700.041577 41577
5800.061203 61203
5900.020274 20274
6000.020379 20379
6100.007408 7408
6200.059361 59361
6300.067255 67255
6400.061664 61664
6500.041251 41251
6600.060282 60282
6700.061799 61799
6800.062293 62293
6900.036364 36364
7000.061542 61542
7100.062258 62258
7200.060938 60938
7300.069324 69324
7400.031653 31653
7500.061760 61760
7600.060967 60967
7700.062602 62602
7800.062786 62786
7900.031185 31185
8000.063582 63582
8100.060185 60185
8200.060239 60239
8300.033758 33758
8400.059177 59177
8500.063384 63384
8600.060828 60828
8700.063898 63898
8800.065713 65713
8900.065056 65056
9000.059410 59410
9100.039027 39027
9200.062606 62606
9300.060656 60656
9400.061411 61411
9500.079827 79827
9600.075125 75125
9700.061491 61491
9800.063630 63630
9900.059964 59964
10000.032096 32096
10100.019795 19795
10200.058604 58604
10300.060212 60212
10400.018677 18677
10500.010427 10427
10600.066487 66487
10700.061788 61788
10800.060670 60670
10900.061451 61451
11000.059419 59419
11100.028222 28222
11200.061110 61110
11300.061254 61254
11400.061442 61442
11500.072076 72076
11600.076048 76048
11700.062343 62343
11800.007677 7677
11900.062332 62332
12000.061602 61602
12100.067006 67006
12200.058457 58457
12300.061441 61441
12400.068034 68034
12500.080568 80568
12600.040549 40549
12700.061950 61950
12800.060862 60862
12900.062759 62759
13000.069711 69711
13100.070109 70109
13200.061267 61267
13300.067760 67760
13400.044945 44945
13500.005893 5893
13600.060140 60140
13700.061627 61627
13800.063342 63342
13900.064024 64024
14000.063870 63870
14100.066032 66032
14200.059459 59459
14300.067062 67062
14400.036306 36306
14500.067230 67230
14600.059728 59728
14700.060631 60631
14800.062294 62294
14900.061347 61347
15000.085893 85893
15100.061403 61403
15200.037203 37203
15300.063863 63863
15400.067391 67391
15500.063470 63470
15600.061470 61470
15700.064493 64493
15800.083624 83624
15900.061134 61134
16000.032382 32382
16100.028825 28825
16200.058689 58689
16300.062528 62528
16400.066068 66068
16500.065266 65266
16600.065118 65118
16700.060265 60265
16800.064444 64444
16900.081519 81519
17000.065372 65372
17100.060850 60850
17200.062538 62538
17300.060835 60835
17400.062392 62392
17500.061480 61480
17600.061077 61077
17700.016827 16827
17800.062513 62513
17900.062311 62311
18000.067131 67131
18100.070576 70576
18200.058625 58625
18300.061646 61646
18400.068087 68087
18500.064021 64021
18600.030535 30535
18700.065157 65157
18800.038752 38752
18900.061057 61057
19000.060823 60823
19100.060637 60637
19200.069364 69364
19300.020208 20208
19400.060913 60913
19500.060680 60680
19600.067114 67114
19700.062438 62438
19800.061542 61542
19900.061375 61375
20000.060544 60544
20100.069034 69034
20200.058093 58093
20300.034545 34545
20400.061052 61052
20500.061025 61025
20600.067488 67488
20700.060075 60075
20800.061411 61411
20900.062547 62547
21000.062339 62339
21100.005721 5721
21200.062294 62294
21300.062186 62186
21400.060141 60141
21500.060503 60503
21600.062509 62509
21700.063456 63456
21800.062686 62686
21900.060801 60801
22000.031326 31326
22100.061253 61253
22200.060418 60418
22300.061576 61576
22400.038167 38167
22500.061269 61269
22600.086368 86368
22700.060786 60786
22800.061219 61219
22900.061864 61864
23000.065992 65992
23100.061485 61485
23200.060039 60039
23300.059909 59909
23400.063078 63078
23500.060703 60703
23600.060372 60372
23700.060374 60374
23800.005849 5849
23900.064655 64655
24000.061363 61363
24100.063991 63991
24200.059175 59175
24300.061888 61888
24400.073558 73558
24500.060910 60910
24600.067554 67554
24700.061048 61048
24800.061762 61762
24900.069359 69359
25000.062251 62251
25100.061327 61327
25200.006644 6644
25300.060506 60506
25400.041175 41175
25500.060444 60444
25600.061359 61359
25700.060905 60905
25800.059895 59895
25900.031069 31069
26000.062632 62632
26100.069381 69381
26200.058551 58551
26300.059715 59715
26400.064547 64547
26500.060439 60439
26600.061428 61428
26700.060344 60344
26800.060965 60965
26900.058997 58997
27000.061154 61154
27100.068155 68155
27200.032015 32015
27300.059516 59516
27400.064280 64280
27500.060778 60778
27600.069069 69069
27700.060537 60537
27800.060799 60799
27900.034324 34324
28000.032211 32211
28100.060121 60121
28200.059848 59848
28300.061942 61942
28400.074761 74761
28500.061072 61072
28600.067110 67110
28700.060926 60926
28800.037139 37139
28900.033188 33188
29000.063017 63017
29100.063068 63068
29200.061160 61160
29300.064266 64266
29400.077237 77237
29500.060656 60656
29600.063243 63243
29700.031688 31688
29800.061820 61820
29900.061208 61208
30000.059109 59109
