100.000367 367
199.998524 -1476
299.997608 -2392
399.998063 -1937
499.998027 -1973
599.998683 -1317
699.998266 -1734
799.997632 -2368
899.998168 -1832
999.998122 -1878
1099.998194 -1806
1199.998431 -1569
1299.998408 -1592
1399.998598 -1402
1499.998097 -1903
1599.998364 -1636
1699.998218 -1782
1799.998513 -1487
1899.998528 -1472
1999.998357 -1643
2099.998359 -1641
2199.998494 -1506
2299.998100 -1900
2399.998838 -1162
2499.998556 -1444
2599.998412 -1588
2699.998348 -1652
2799.998393 -1607
2899.998393 -1607
2999.998528 -1472
3099.998446 -1554
3199.998493 -1507
3299.998403 -1597
3399.998659 -1341
3499.998208 -1792
3599.998492 -1508
3699.998434 -1566
3799.998452 -1548
3899.998343 -1657
3999.998431 -1569
4099.998282 -1718
4199.998527 -1473
4299.998482 -1518
4399.998309 -1691
4499.998290 -1710
4599.997876 -2124
4699.998274 -1726
4799.998386 -1614
4899.998374 -1626
4999.998428 -1572
5099.998362 -1638
5199.998241 -1759
5299.998268 -1732
5399.998312 -1688
5499.998381 -1619
5599.998253 -1747
5699.998349 -1651
5799.998694 -1306
5899.998029 -1971
5999.998179 -1821
6099.998407 -1593
6199.998319 -1681
6299.998379 -1621
6399.998520 -1480
6499.998214 -1786
6599.998278 -1722
6699.998451 -1549
6799.998290 -1710
6899.998164 -1836
6999.997877 -2123
7099.998167 -1833
7199.998593 -1407
7299.998842 -1158
7399.998441 -1559
7499.998318 -1682
7599.998269 -1731
7699.998414 -1586
7799.998402 -1598
7899.998565 -1435
7999.998358 -1642
8099.998316 -1684
8199.998045 -1955
8299.997998 -2002
8399.998257 -1743
8499.998391 -1609
8599.998340 -1660
8699.998322 -1678
8799.998258 -1742
8899.998218 -1782
8999.998449 -1551
9099.998552 -1448
9199.998203 -1797
9299.998206 -1794
9399.998148 -1852
9499.997934 -2066
9599.997917 -2083
9699.998579 -1421
9799.998455 -1545
9899.998268 -1732
9999.998325 -1675
10099.998219 -1781
10199.998147 -1853
10299.998392 -1608
10399.998483 -1517
10499.998309 -1691
10599.998003 -1997
10699.997995 -2005
10799.997971 -2029
10899.998364 -1636
10999.998262 -1738
11099.998258 -1742
11199.998249 -1751
11299.998248 -1752
11399.998329 -1671
11499.998155 -1845
11599.998178 -1822
11699.998267 -1733
11799.998217 -1783
11899.997960 -2040
11999.997852 -2148
12099.997919 -2081
12199.998485 -1515
12299.998122 -1878
12399.998366 -1634
12499.998458 -1542
12599.998048 -1952
12699.998649 -1351
12799.998060 -1940
12899.997906 -2094
12999.997800 -2200
13099.997914 -2086
13199.997924 -2076
13299.997885 -2115
13399.997996 -2004
13499.997937 -2063
13599.997895 -2105
13699.997932 -2068
13799.997908 -2092
13899.997933 -2067
13999.998594 -1406
14099.998031 -1969
14199.997829 -2171
14299.997838 -2162
14399.998143 -1857
14499.997907 -2093
14599.998254 -1746
14699.998114 -1886
14799.997925 -2075
14899.997910 -2090
14999.997878 -2122
15099.997929 -2071
15199.997958 -2042
15299.998113 -1887
15399.998153 -1847
15499.997951 -2049
15599.997845 -2155
15699.997936 -2064
15799.997944 -2056
15899.997922 -2078
15999.997891 -2109
16099.997878 -2122
16199.997861 -2139
16299.997852 -2148
16399.998019 -1981
16499.997946 -2054
16599.997804 -2196
16699.998164 -1836
16799.997922 -2078
16899.997595 -2405
16999.997507 -2493
17099.997583 -2417
17199.997981 -2019
17299.997576 -2424
17399.997512 -2488
17499.997546 -2454
17599.997519 -2481
17699.997702 -2298
17799.997503 -2497
17899.997574 -2426
17999.997483 -2517
18099.997586 -2414
18199.997552 -2448
18299.997514 -2486
18399.997532 -2468
18499.997487 -2513
18599.997581 -2419
18699.997497 -2503
18799.997522 -2478
18899.997525 -2475
18999.998537 -1463
19099.997605 -2395
19199.999383 -617
19299.998786 -1214
19399.997822 -2178
19499.998884 -1116
19599.998625 -1375
19700.002538 2538
19800.002599 2599
19900.002176 2176
20000.000870 870
20099.999040 -960
20200.000146 146
20300.000179 179
20399.998800 -1200
20499.999426 -574
20599.998286 -1714
20699.999514 -486
20799.999322 -678
20900.002689 2689
21000.001540 1540
21099.998947 -1053
21199.998490 -1510
21299.998544 -1456
21399.999478 -522
21499.999513 -487
21600.003084 3084
21700.002619 2619
21800.002283 2283
21900.001911 1911
22000.002439 2439
22100.003258 3258
22200.002119 2119
22300.000752 752
22400.000448 448
22499.999997 -3
22599.999388 -612
22699.998555 -1445
22799.998751 -1249
22899.998212 -1788
22999.999319 -681
23099.998601 -1399
23199.998401 -1599
23299.998985 -1015
23400.002545 2545
23500.001643 1643
23599.999104 -896
23700.000188 188
23799.999533 -467
23900.001241 1241
23999.999639 -361
24099.998693 -1307
24199.998532 -1468
24299.998530 -1470
24399.998078 -1922
24499.998740 -1260
24600.003645 3645
24700.003324 3324
24800.002220 2220
24900.000042 42
25000.001658 1658
25100.002112 2112
25200.002260 2260
25299.999682 -318
25399.999378 -622
25499.999906 -94
25600.000216 216
25699.998891 -1109
25799.998637 -1363
25899.998573 -1427
25999.998603 -1397
26099.998493 -1507
26199.998348 -1652
26299.998481 -1519
26399.998391 -1609
26499.998758 -1242
26599.999250 -750
26699.998832 -1168
26799.999291 -709
26899.998532 -1468
26999.998880 -1120
27099.999458 -542
27200.000336 336
27299.999975 -25
27399.998643 -1357
27499.998429 -1571
27599.998411 -1589
27700.008775 8775
27800.003114 3114
27900.003548 3548
28000.002581 2581
28100.003798 3798
28200.003358 3358
28300.002824 2824
28400.000734 734
28499.998877 -1123
28599.998513 -1487
28699.998625 -1375
28800.002595 2595
28900.003720 3720
29000.002900 2900
29100.004036 4036
29200.002386 2386
29299.999317 -683
29399.999247 -753
29499.999408 -592
29599.999028 -972
29699.998862 -1138
29799.997862 -2138
29899.998064 -1936
29999.998313 -1687
